1 64 246 11.25
2 68 213 33.75
2 76 232 11.25
1 90 216 22.5
1 101 188 56.25
1 108 220 22.5
2 113 140 258.75
2 123 209 33.75
1 125 158 67.5
2 129 111 247.5
1 130 176 56.25
2 136 152 56.25
1 139 244 11.25
1 143 268 11.25
1 152 137 67.5
1 157 114 78.75
2 168 139 67.5
1 170 112 78.75
1 172 58 33.75
1 176 92 270.0
1 178 145 236.25
1 178 184 45.0
2 183 109 258.75
1 185 65 348.75
2 197 72 303.75
2 198 45 0.0
1 198 121 258.75
1 202 164 247.5
1 206 185 247.5
1 208 218 247.5
1 241 240 258.75
1 243 52 303.75
1 246 102 270.0
1 278 161 270.0
