2 26 177 33.75
1 37 214 11.25
2 39 182 33.75
1 41 263 0.0
2 49 199 11.25
2 62 42 247.5
1 62 183 33.75
2 65 34 67.5
1 72 153 56.25
2 78 244 0.0
1 80 184 22.5
2 81 104 258.75
1 93 123 67.5
2 93 174 33.75
2 96 73 258.75
1 99 139 56.25
1 107 120 67.5
1 109 209 11.25
1 123 77 78.75
1 123 118 67.5
1 128 243 11.25
2 136 101 78.75
1 144 107 258.75
1 145 149 56.25
2 149 73 258.75
2 151 245 11.25
2 161 34 303.75
1 162 93 258.75
1 167 126 258.75
1 172 146 258.75
1 174 183 236.25
1 179 167 67.5
1 182 241 33.75
1 185 164 258.75
2 187 257 11.25
2 198 259 22.5
1 204 201 247.5
1 209 64 270.0
1 232 240 33.75
1 234 258 22.5
1 238 121 270.0
2 242 67 281.25
1 247 245 33.75
2 249 53 292.5
2 249 76 101.25
1 261 101 281.25
2 262 42 292.5
