1 30 186 33.75
2 46 247 0.0
1 53 221 191.25
1 56 106 258.75
1 61 125 67.5
1 63 166 236.25
1 67 157 56.25
2 67 174 45.0
2 69 76 247.5
1 71 141 56.25
1 80 209 22.5
1 82 99 258.75
2 83 120 67.5
1 86 111 67.5
1 96 119 67.5
1 97 78 78.75
1 97 244 11.25
1 110 77 78.75
2 110 101 78.75
1 118 109 247.5
1 118 149 45.0
2 120 60 258.75
1 123 249 11.25
1 127 71 258.75
1 134 106 247.5
1 141 128 247.5
1 146 145 247.5
1 147 182 247.5
1 152 168 67.5
1 152 243 33.75
1 158 167 258.75
2 158 258 11.25
1 169 263 22.5
1 177 202 247.5
1 184 64 270.0
2 202 236 45.0
1 204 259 22.5
1 213 123 270.0
2 217 69 281.25
1 217 246 33.75
2 224 77 101.25
2 225 55 292.5
1 236 45 292.5
1 236 103 281.25
2 249 261 22.5
1 253 165 281.25
1 258 243 33.75
2 261 196 281.25
1 262 145 292.5
1 263 229 22.5
