1 38 251 0.0
2 42 224 11.25
2 44 111 258.75
2 45 231 191.25
1 56 129 67.5
2 57 181 45.0
2 59 81 258.75
1 70 135 67.5
1 72 216 22.5
1 83 113 78.75
1 86 85 78.75
2 89 126 67.5
1 91 251 11.25
1 99 83 78.75
2 99 109 78.75
1 101 28 45.0
1 108 114 258.75
2 110 65 258.75
1 110 154 56.25
2 112 48 258.75
1 113 56 258.75
1 115 256 11.25
1 116 75 258.75
1 126 102 258.75
1 132 132 258.75
1 136 155 258.75
1 138 189 247.5
1 145 248 22.5
2 151 264 11.25
1 159 270 22.5
1 169 209 247.5
1 173 70 270.0
1 195 246 45.0
1 198 263 22.5
2 201 75 281.25
1 202 128 281.25
1 206 72 101.25
1 210 249 33.75
2 213 28 292.5
2 213 60 292.5
1 223 49 292.5
1 223 105 281.25
2 235 142 281.25
2 241 262 22.5
2 244 164 281.25
2 251 197 281.25
2 256 234 33.75
