1 35 100 236.25
1 38 203 258.75
1 39 273 33.75
1 48 221 67.5
1 51 173 258.75
1 52 240 56.25
1 55 86 236.25
1 62 217 67.5
2 63 194 258.75
2 73 206 78.75
1 81 214 67.5
1 83 84 45.0
1 83 175 78.75
2 91 66 213.75
2 94 199 67.5
2 99 177 78.75
1 100 119 45.0
1 103 247 45.0
1 104 208 247.5
1 113 126 11.25
1 114 170 258.75
1 124 196 258.75
1 130 223 247.5
1 135 68 0.0
1 135 241 247.5
1 140 267 67.5
1 147 266 247.5
2 149 97 326.25
2 173 109 303.75
1 175 162 270.0
1 180 76 315.0
2 194 62 135.0
1 205 220 270.0
1 218 147 292.5
1 230 200 281.25
1 233 152 292.5
1 252 262 281.25
