2 45 100 67.5
1 57 221 0.0
2 66 159 33.75
2 79 163 33.75
1 79 196 11.25
1 86 245 0.0
2 90 182 22.5
2 101 170 33.75
1 108 137 56.25
1 118 170 33.75
2 120 229 0.0
1 121 86 258.75
1 126 106 78.75
2 131 157 45.0
2 132 57 258.75
1 143 101 56.25
1 149 193 11.25
2 153 275 348.75
1 156 83 67.5
1 160 56 78.75
2 164 90 56.25
2 167 210 191.25
1 168 227 11.25
1 169 100 236.25
1 180 92 247.5
1 183 132 45.0
2 186 55 270.0
1 193 233 11.25
1 199 82 258.75
2 200 273 348.75
1 206 109 247.5
1 211 130 258.75
1 213 167 247.5
1 221 227 22.5
2 229 243 11.25
1 238 249 11.25
1 245 187 247.5
1 248 50 270.0
1 257 270 11.25
1 274 230 56.25
