2 68 238 22.5
2 77 149 67.5
1 81 271 0.0
2 84 31 56.25
2 95 210 33.75
2 96 39 236.25
1 102 44 56.25
1 107 247 0.0
2 109 215 33.75
2 118 234 11.25
1 130 219 33.75
1 134 44 56.25
2 139 189 56.25
1 146 197 225.0
1 149 41 236.25
1 149 223 22.5
1 149 249 11.25
1 151 190 56.25
1 152 255 191.25
1 158 140 247.5
1 164 209 33.75
2 167 24 236.25
1 168 159 67.5
2 171 113 258.75
1 173 179 56.25
1 177 138 78.75
1 178 147 258.75
1 182 160 67.5
1 183 247 11.25
1 184 133 258.75
2 185 268 11.25
1 189 150 78.75
1 197 29 45.0
1 201 118 78.75
2 201 265 191.25
2 212 144 67.5
2 217 120 78.75
1 218 62 33.75
1 222 152 247.5
1 222 189 45.0
2 225 100 270.0
2 229 114 258.75
1 241 144 247.5
2 243 79 315.0
1 247 169 247.5
2 251 51 337.5
1 253 187 247.5
1 255 222 236.25
1 259 212 67.5
1 263 47 326.25
1 268 206 247.5
