2 37 226 22.5
1 45 264 11.25
2 48 55 56.25
2 51 230 33.75
2 61 248 11.25
1 74 232 22.5
2 75 50 236.25
1 88 202 56.25
1 94 235 22.5
1 95 52 236.25
1 103 154 247.5
1 108 222 33.75
1 113 172 67.5
2 114 34 236.25
2 116 124 258.75
1 117 191 56.25
2 123 169 56.25
1 125 260 11.25
1 142 39 45.0
1 143 168 56.25
1 144 130 78.75
2 144 278 202.5
1 154 143 67.5
1 157 128 78.75
1 160 73 33.75
1 166 161 247.5
1 166 200 45.0
2 167 111 258.75
1 169 99 270.0
1 174 123 258.75
2 185 87 315.0
1 185 140 258.75
1 189 179 247.5
1 194 198 247.5
1 195 235 236.25
1 200 220 67.5
1 207 218 247.5
2 209 53 315.0
1 227 256 247.5
2 232 66 292.5
1 233 119 270.0
2 239 43 315.0
1 264 178 270.0
1 265 122 281.25
2 275 132 101.25
1 276 102 292.5
