2 33 118 247.5
1 33 193 56.25
1 57 74 56.25
2 61 204 56.25
1 63 30 45.0
2 77 267 22.5
2 83 199 247.5
2 93 253 33.75
2 112 209 270.0
2 114 152 247.5
2 115 259 180.0
2 154 60 11.25
1 155 250 146.25
2 158 115 213.75
1 159 266 168.75
1 160 142 45.0
2 166 67 180.0
1 179 93 168.75
1 189 244 146.25
1 195 156 326.25
1 198 270 168.75
1 199 172 123.75
2 209 121 135.0
2 216 233 135.0
2 224 107 315.0
2 226 263 146.25
1 232 30 146.25
1 241 232 135.0
1 244 119 123.75
2 245 70 315.0
1 258 220 123.75
1 259 153 303.75
2 269 273 157.5
2 270 28 315.0
2 270 88 135.0
