2 50 189 258.75
2 62 239 270.0
1 76 271 146.25
2 81 272 157.5
2 96 91 11.25
2 98 105 191.25
2 103 145 225.0
1 108 30 0.0
1 109 171 56.25
2 116 273 157.5
2 123 117 180.0
1 128 80 168.75
1 128 91 337.5
1 136 25 168.75
2 150 269 146.25
2 156 144 146.25
1 170 51 146.25
2 170 127 315.0
2 177 250 146.25
2 188 88 326.25
1 194 137 135.0
2 202 247 146.25
2 209 45 326.25
2 212 100 146.25
1 212 164 315.0
1 218 230 135.0
1 226 276 157.5
1 231 38 146.25
1 238 74 146.25
2 241 159 135.0
2 248 101 315.0
2 248 132 315.0
2 252 255 146.25
2 264 244 146.25
2 265 106 135.0
2 275 110 315.0
