2 38 139 247.5
2 46 230 146.25
1 76 252 168.75
2 77 235 146.25
2 77 274 180.0
2 83 60 191.25
2 84 100 213.75
2 89 130 45.0
2 95 57 0.0
1 106 78 168.75
1 108 230 135.0
2 112 167 292.5
2 117 41 157.5
1 119 50 337.5
2 136 108 135.0
2 138 222 135.0
2 140 257 157.5
2 147 274 168.75
2 152 94 315.0
2 160 221 135.0
1 173 108 123.75
2 174 56 315.0
1 178 207 123.75
2 180 250 146.25
1 185 140 303.75
2 198 76 135.0
2 205 237 146.25
2 215 143 123.75
2 218 227 135.0
2 227 117 303.75
2 229 260 157.5
1 231 57 135.0
2 232 25 123.75
2 232 84 303.75
2 257 141 123.75
2 258 222 146.25
2 269 198 135.0
1 276 248 157.5
