1 26 58 258.75
1 40 61 258.75
1 41 119 258.75
2 41 174 270.0
1 48 152 270.0
2 61 238 168.75
2 77 229 157.5
1 84 104 258.75
2 87 275 180.0
2 92 220 146.25
1 100 255 168.75
1 100 277 0.0
1 114 112 281.25
1 123 242 168.75
1 124 218 146.25
2 127 95 281.25
2 147 258 168.75
1 150 277 180.0
1 156 142 303.75
1 163 162 135.0
1 174 128 123.75
2 182 260 348.75
2 191 270 180.0
2 192 235 168.75
1 204 190 146.25
1 209 166 146.25
1 223 46 303.75
2 231 162 146.25
1 235 248 168.75
1 237 212 157.5
1 243 148 135.0
2 259 272 180.0
