2 66 111 247.5
2 73 81 236.25
1 78 191 281.25
1 90 124 247.5
2 106 180 90.0
1 115 181 78.75
1 118 76 202.5
1 120 90 11.25
1 120 214 180.0
1 120 233 213.75
2 127 272 11.25
1 129 169 78.75
1 132 123 270.0
1 143 84 157.5
1 149 268 33.75
1 152 235 236.25
1 167 120 281.25
2 167 188 247.5
1 189 94 292.5
1 190 114 101.25
1 193 50 303.75
1 194 128 281.25
2 209 279 33.75
1 211 181 270.0
1 213 111 292.5
1 228 58 303.75
1 231 149 281.25
2 235 249 67.5
1 236 262 56.25
1 239 279 33.75
1 255 210 270.0
1 256 157 292.5
