1 57 143 247.5
2 78 152 258.75
2 79 101 236.25
2 98 122 247.5
2 111 72 225.0
2 112 204 45.0
2 120 180 56.25
2 124 261 22.5
1 134 133 78.75
1 137 145 67.5
2 145 134 67.5
1 147 118 258.75
1 153 42 11.25
2 154 96 225.0
2 154 163 236.25
1 170 181 236.25
2 175 114 270.0
1 177 88 303.75
1 188 220 236.25
1 190 187 247.5
1 197 26 157.5
2 197 43 326.25
1 206 247 56.25
1 210 30 315.0
2 217 100 281.25
2 229 178 258.75
1 255 204 258.75
2 256 49 112.5
2 261 42 303.75
2 263 60 292.5
1 268 106 292.5
2 277 79 112.5
