2 63 195 258.75
1 64 162 247.5
2 72 236 11.25
2 80 119 247.5
1 86 82 236.25
2 87 168 258.75
1 93 72 56.25
2 101 134 258.75
1 103 83 236.25
2 131 183 67.5
1 136 143 78.75
1 142 47 33.75
2 144 157 67.5
1 146 125 258.75
2 150 70 22.5
1 150 141 78.75
2 159 171 236.25
1 168 89 303.75
1 168 101 292.5
2 171 118 270.0
1 173 44 348.75
1 176 189 247.5
1 181 26 168.75
1 196 193 258.75
2 199 218 247.5
1 207 38 315.0
1 208 106 281.25
2 220 247 67.5
2 232 181 270.0
2 246 276 56.25
1 249 51 303.75
1 260 206 270.0
2 261 101 292.5
1 265 83 112.5
