1 30 244 33.75
1 35 97 247.5
2 38 161 247.5
1 39 87 56.25
2 40 207 270.0
2 54 79 236.25
2 62 242 157.5
1 63 179 270.0
1 72 157 270.0
2 76 119 67.5
1 76 134 258.75
1 78 243 146.25
1 83 99 56.25
2 98 253 146.25
1 106 102 236.25
1 106 112 258.75
2 113 123 281.25
1 113 133 281.25
2 114 266 157.5
1 116 188 292.5
2 118 118 270.0
2 121 109 281.25
1 130 219 135.0
1 138 153 112.5
1 141 190 112.5
2 147 279 168.75
2 154 220 135.0
1 156 173 112.5
2 173 268 168.75
2 174 52 123.75
2 175 247 146.25
1 186 220 135.0
2 192 242 146.25
2 196 26 303.75
1 205 166 303.75
2 205 214 135.0
1 206 182 123.75
1 209 55 123.75
2 230 91 303.75
