1 34 92 67.5
1 39 249 22.5
1 53 84 247.5
2 59 87 67.5
1 60 198 258.75
1 63 117 247.5
1 64 134 247.5
1 65 196 270.0
1 67 54 225.0
1 74 89 67.5
1 74 229 135.0
1 75 131 67.5
2 76 146 258.75
1 82 163 270.0
1 92 146 270.0
1 94 136 270.0
1 95 273 168.75
1 96 231 135.0
1 104 85 56.25
1 115 238 146.25
2 126 224 135.0
1 128 74 213.75
1 129 258 157.5
1 136 181 292.5
1 143 137 101.25
1 148 209 123.75
2 151 140 281.25
2 157 147 101.25
2 163 180 112.5
2 165 268 168.75
1 169 78 292.5
1 171 164 112.5
2 172 210 135.0
1 178 100 292.5
1 189 262 157.5
2 193 237 146.25
1 204 210 135.0
2 211 233 146.25
2 223 205 135.0
1 224 171 123.75
1 225 155 303.75
1 229 44 123.75
2 251 81 303.75
2 270 170 135.0
