2 30 110 236.25
2 36 137 67.5
1 41 57 225.0
1 59 128 247.5
1 64 120 56.25
1 64 142 67.5
2 70 125 236.25
1 71 178 247.5
1 72 274 33.75
1 79 227 270.0
2 86 237 281.25
2 89 86 213.75
1 92 48 22.5
1 97 214 281.25
1 99 90 213.75
2 103 114 225.0
1 105 170 258.75
1 105 275 146.25
1 112 144 56.25
2 122 276 146.25
2 130 120 213.75
1 142 168 270.0
1 148 177 292.5
1 152 166 281.25
2 155 268 146.25
1 159 227 303.75
1 172 36 326.25
1 172 120 123.75
1 176 189 112.5
2 179 249 146.25
1 181 111 303.75
1 181 133 303.75
2 188 225 123.75
1 194 39 135.0
1 198 88 123.75
1 199 209 123.75
2 204 250 146.25
2 220 61 315.0
2 234 271 157.5
1 235 86 135.0
1 241 244 146.25
2 253 189 315.0
1 254 206 135.0
2 255 263 157.5
2 261 236 146.25
