1 44 74 45.0
2 44 138 236.25
1 52 86 225.0
2 54 170 67.5
1 83 178 67.5
2 94 196 247.5
1 95 142 236.25
1 97 134 56.25
1 100 69 33.75
1 100 257 258.75
2 102 110 225.0
2 104 143 236.25
2 105 134 56.25
2 107 268 270.0
1 113 141 236.25
1 121 64 202.5
1 122 244 270.0
2 129 240 281.25
1 132 155 56.25
2 134 214 270.0
1 161 186 292.5
1 162 176 292.5
2 164 194 292.5
2 179 47 326.25
1 181 252 303.75
1 190 140 123.75
1 194 209 112.5
1 202 158 303.75
1 204 55 135.0
1 204 140 303.75
2 208 248 123.75
1 210 102 123.75
2 217 223 123.75
2 232 77 315.0
2 243 101 123.75
2 269 212 315.0
1 272 231 135.0
