1 40 148 236.25
1 45 165 56.25
2 53 185 247.5
1 59 247 258.75
2 66 256 270.0
1 80 232 270.0
1 90 57 202.5
2 92 215 270.0
1 95 155 56.25
2 97 208 281.25
1 119 108 191.25
1 126 180 270.0
1 133 189 281.25
1 143 245 303.75
2 148 48 337.5
2 149 87 146.25
1 155 132 135.0
1 160 202 112.5
1 162 119 303.75
2 163 271 135.0
1 165 95 315.0
1 170 46 135.0
2 172 242 123.75
1 177 166 292.5
1 178 96 123.75
2 183 218 123.75
2 187 272 135.0
1 190 170 112.5
1 196 178 292.5
2 200 69 315.0
2 211 94 123.75
1 223 269 146.25
2 231 205 303.75
1 233 226 135.0
2 239 260 146.25
2 241 133 315.0
