1 46 164 56.25
1 49 187 247.5
2 51 146 236.25
1 52 246 258.75
1 53 77 33.75
1 56 70 213.75
2 58 257 270.0
1 70 100 225.0
2 71 237 258.75
1 80 133 236.25
2 87 126 225.0
2 88 214 270.0
2 91 118 33.75
2 93 205 270.0
1 98 151 56.25
1 125 182 270.0
2 126 189 281.25
1 138 251 292.5
2 152 276 135.0
1 156 206 112.5
1 157 144 123.75
1 158 47 326.25
1 160 101 315.0
1 163 247 112.5
1 166 123 303.75
1 166 160 292.5
1 167 103 123.75
1 177 226 112.5
2 177 278 135.0
1 182 51 135.0
2 189 103 123.75
2 209 74 303.75
1 215 276 146.25
2 220 101 123.75
2 229 211 303.75
1 230 233 135.0
2 233 266 157.5
2 245 137 303.75
